#RAD(Kpc) RAD(arcs)  VROT(km/s) DISP(km/s) INC(deg)  P.A.(deg) Z0(pc)    Z0(arcs)  SIG(E20)  XPOS(pix) YPOS(pix) VSYS(km/s) VRAD(km/s) E_VROT1   E_VROT2   E_DISP1   E_DISP2   
0.233     15.000     68.866     10.102     60.000    114.107   155.144   10.000    1.000     77.000    77.000    82.800     0.000      -18.829   16.436    -6.563    6.563     
0.698     45.000     122.080    16.510     60.000    125.014   155.144   10.000    1.000     77.000    77.000    82.800     0.000      -12.982   10.026    -6.971    7.814     
1.164     75.000     130.113    14.167     60.000    127.271   155.144   10.000    1.000     77.000    77.000    82.800     0.000      -10.162   8.629     -7.553    8.354     
1.629     105.000    141.322    12.288     60.000    126.850   155.144   10.000    1.000     77.000    77.000    82.800     0.000      -9.562    7.839     -6.890    7.802     
2.094     135.000    149.307    11.811     60.000    125.568   155.144   10.000    1.000     77.000    77.000    82.800     0.000      -8.024    7.629     -6.356    6.894     
2.560     165.000    154.611    11.935     60.000    123.986   155.144   10.000    1.000     77.000    77.000    82.800     0.000      -6.934    7.681     -6.386    6.559     
3.025     195.000    163.854    10.620     60.000    122.355   155.144   10.000    1.000     77.000    77.000    82.800     0.000      -6.091    6.398     -5.841    4.900     
3.491     225.000    170.706    8.903      60.000    120.972   155.144   10.000    1.000     77.000    77.000    82.800     0.000      -6.378    6.984     -6.018    5.457     
3.956     255.000    177.210    8.867      60.000    120.141   155.144   10.000    1.000     77.000    77.000    82.800     0.000      -7.138    8.758     -6.902    7.139     
4.422     285.000    182.058    9.095      60.000    120.047   155.144   10.000    1.000     77.000    77.000    82.800     0.000      -8.648    10.459    -7.808    8.212     
4.887     315.000    185.781    9.747      60.000    120.688   155.144   10.000    1.000     77.000    77.000    82.800     0.000      -9.373    10.237    -8.781    8.781     
5.352     345.000    189.034    8.670      60.000    121.895   155.144   10.000    1.000     77.000    77.000    82.800     0.000      -18.011   24.440    -7.463    9.864     
5.818     375.000    193.831    7.069      60.000    123.396   155.144   10.000    1.000     77.000    77.000    82.800     0.000      -20.387   30.845    -10.185   10.185    
6.283     405.000    189.215    7.048      60.000    124.883   155.144   10.000    1.000     77.000    77.000    82.800     0.000      -16.316   21.017    -3.547    4.575     
6.749     435.000    190.453    4.940      60.000    126.078   155.144   10.000    1.000     77.000    77.000    82.800     0.000      -10.053   13.999    -2.758    3.540     
7.214     465.000    187.512    7.296      60.000    126.770   155.144   10.000    1.000     77.000    77.000    82.800     0.000      -11.451   15.392    -3.222    4.171     
7.680     495.000    189.845    8.506      60.000    126.840   155.144   10.000    1.000     77.000    77.000    82.800     0.000      -7.205    9.266     -2.190    2.747     
8.145     525.000    195.366    6.032      60.000    126.271   155.144   10.000    1.000     77.000    77.000    82.800     0.000      -11.135   10.330    -4.514    4.514     
8.611     555.000    191.366    8.160      60.000    125.133   155.144   10.000    1.000     77.000    77.000    82.800     0.000      -5.489    7.273     -2.653    2.653     
9.076     585.000    192.132    7.621      60.000    123.564   155.144   10.000    1.000     77.000    77.000    82.800     0.000      -7.013    8.845     -2.660    2.660     
9.541     615.000    191.548    7.439      60.000    121.751   155.144   10.000    1.000     77.000    77.000    82.800     0.000      -4.667    6.020     -2.410    2.410     
10.007    645.000    190.373    6.932      60.000    119.910   155.144   10.000    1.000     77.000    77.000    82.800     0.000      -4.888    7.270     -2.679    2.679     
10.472    675.000    190.881    7.882      60.000    118.278   155.144   10.000    1.000     77.000    77.000    82.800     0.000      -5.293    6.061     -2.377    2.377     
10.938    705.000    193.954    4.432      60.000    117.097   155.144   10.000    1.000     77.000    77.000    82.800     0.000      -7.141    7.472     -4.376    4.376     
11.403    735.000    196.638    5.045      60.000    116.580   155.144   10.000    1.000     77.000    77.000    82.800     0.000      -8.669    10.036    -4.088    4.088     
11.869    765.000    196.742    2.437      60.000    116.855   155.144   10.000    1.000     77.000    77.000    82.800     0.000      -9.087    10.284    -4.347    4.347     
12.334    795.000    197.322    2.694      60.000    117.928   155.144   10.000    1.000     77.000    77.000    82.800     0.000      -9.689    11.820    -4.512    4.512     
12.799    825.000    198.615    2.057      60.000    119.658   155.144   10.000    1.000     77.000    77.000    82.800     0.000      -8.106    9.605     -4.680    4.680     
13.265    855.000    193.496    7.655      60.000    121.802   155.144   10.000    1.000     77.000    77.000    82.800     0.000      -6.494    8.405     -2.214    2.214     
13.730    885.000    198.939    3.383      60.000    124.084   155.144   10.000    1.000     77.000    77.000    82.800     0.000      -6.345    7.241     -4.625    4.625     
14.196    915.000    197.212    4.585      60.000    126.282   155.144   10.000    1.000     77.000    77.000    82.800     0.000      -6.004    7.279     -4.588    4.588     
14.661    945.000    195.507    7.223      60.000    128.266   155.144   10.000    1.000     77.000    77.000    82.800     0.000      -6.304    8.348     -3.174    3.174     
15.127    975.000    198.349    2.875      60.000    129.966   155.144   10.000    1.000     77.000    77.000    82.800     0.000      -6.819    7.813     -5.356    5.356     
15.592    1005.000   200.917    3.966      60.000    131.281   155.144   10.000    1.000     77.000    77.000    82.800     0.000      -9.906    10.538    -4.609    4.609     
17.454    1125.000   199.691    3.524      60.000    127.480   155.144   10.000    1.000     77.000    77.000    82.800     0.000      -7.356    9.250     -3.548    3.548     
17.919    1155.000   198.558    2.533      60.000    124.318   155.144   10.000    1.000     77.000    77.000    82.800     0.000      -6.580    8.340     -3.836    3.836     
18.385    1185.000   197.326    4.239      60.000    121.959   155.144   10.000    1.000     77.000    77.000    82.800     0.000      -5.584    7.179     -3.672    3.672     
18.850    1215.000   198.773    3.321      60.000    120.909   155.144   10.000    1.000     77.000    77.000    82.800     0.000      -5.570    7.004     -3.796    3.796     
