#RAD(Kpc) RAD(arcs)  VROT(km/s) DISP(km/s) INC(deg)  P.A.(deg) Z0(pc)    Z0(arcs)  SIG(E20)  XPOS(pix) YPOS(pix) VSYS(km/s) VRAD(km/s) E_VROT1   E_VROT2   E_DISP1   E_DISP2   
0.233     15.000     39.724     23.458     80.000    126.181   155.144   10.000    1.000     77.000    77.000    132.800    0.000      -3.505    3.616     -3.421    2.512     
0.698     45.000     63.471     18.495     80.000    126.227   155.144   10.000    1.000     77.000    77.000    132.800    0.000      -4.163    4.168     -2.547    3.040     
1.164     75.000     73.198     15.809     80.000    128.347   155.144   10.000    1.000     77.000    77.000    132.800    0.000      -4.307    3.293     -2.937    2.293     
1.629     105.000    77.675     15.312     80.000    128.551   155.144   10.000    1.000     77.000    77.000    132.800    0.000      -4.226    3.691     -2.613    2.045     
2.094     135.000    82.520     15.125     80.000    127.140   155.144   10.000    1.000     77.000    77.000    132.800    0.000      -2.428    2.247     -2.075    1.602     
2.560     165.000    87.694     13.196     80.000    125.206   155.144   10.000    1.000     77.000    77.000    132.800    0.000      -1.847    2.214     -1.710    1.769     
3.025     195.000    93.913     12.114     80.000    123.507   155.144   10.000    1.000     77.000    77.000    132.800    0.000      -1.966    1.966     -1.235    1.366     
3.491     225.000    99.559     11.371     80.000    122.288   155.144   10.000    1.000     77.000    77.000    132.800    0.000      -2.145    1.981     -1.560    1.672     
3.956     255.000    105.885    10.961     80.000    121.477   155.144   10.000    1.000     77.000    77.000    132.800    0.000      -2.878    2.043     -1.629    1.666     
4.422     285.000    110.355    9.998      80.000    120.900   155.144   10.000    1.000     77.000    77.000    132.800    0.000      -2.473    2.024     -1.321    1.660     
4.887     315.000    115.021    10.010     80.000    120.409   155.144   10.000    1.000     77.000    77.000    132.800    0.000      -3.190    2.713     -2.393    2.735     
5.352     345.000    116.426    10.319     80.000    119.937   155.144   10.000    1.000     77.000    77.000    132.800    0.000      -2.489    3.096     -2.669    3.294     
5.818     375.000    115.900    11.403     80.000    119.488   155.144   10.000    1.000     77.000    77.000    132.800    0.000      -3.253    3.645     -3.350    3.319     
6.283     405.000    115.875    11.327     80.000    119.108   155.144   10.000    1.000     77.000    77.000    132.800    0.000      -3.926    4.072     -3.147    3.696     
6.749     435.000    115.177    11.633     80.000    118.842   155.144   10.000    1.000     77.000    77.000    132.800    0.000      -3.728    3.647     -2.955    3.220     
7.214     465.000    115.403    11.366     80.000    118.705   155.144   10.000    1.000     77.000    77.000    132.800    0.000      -3.609    4.131     -2.636    3.123     
7.680     495.000    114.864    11.620     80.000    118.679   155.144   10.000    1.000     77.000    77.000    132.800    0.000      -3.959    4.523     -3.108    3.353     
8.145     525.000    116.489    11.309     80.000    118.726   155.144   10.000    1.000     77.000    77.000    132.800    0.000      -4.710    4.784     -3.106    3.686     
8.611     555.000    116.528    11.331     80.000    118.822   155.144   10.000    1.000     77.000    77.000    132.800    0.000      -3.016    3.779     -2.483    3.206     
9.076     585.000    117.574    11.673     80.000    118.973   155.144   10.000    1.000     77.000    77.000    132.800    0.000      -4.394    4.265     -2.951    3.415     
9.541     615.000    116.844    12.462     80.000    119.221   155.144   10.000    1.000     77.000    77.000    132.800    0.000      -4.012    5.132     -3.434    3.688     
10.007    645.000    116.807    11.277     80.000    119.624   155.144   10.000    1.000     77.000    77.000    132.800    0.000      -3.772    4.873     -3.664    3.695     
10.472    675.000    118.663    10.234     80.000    120.229   155.144   10.000    1.000     77.000    77.000    132.800    0.000      -3.622    4.632     -3.623    3.635     
10.938    705.000    122.394    9.536      80.000    121.049   155.144   10.000    1.000     77.000    77.000    132.800    0.000      -4.315    5.084     -3.638    4.181     
11.403    735.000    123.467    9.198      80.000    122.057   155.144   10.000    1.000     77.000    77.000    132.800    0.000      -4.410    5.601     -4.034    4.587     
11.869    765.000    125.751    8.855      80.000    123.210   155.144   10.000    1.000     77.000    77.000    132.800    0.000      -4.808    5.478     -3.619    4.275     
12.334    795.000    126.023    8.552      80.000    124.464   155.144   10.000    1.000     77.000    77.000    132.800    0.000      -3.585    4.717     -3.803    3.769     
12.799    825.000    130.131    9.402      80.000    125.780   155.144   10.000    1.000     77.000    77.000    132.800    0.000      -6.099    7.359     -4.443    5.062     
13.265    855.000    129.778    8.931      80.000    127.112   155.144   10.000    1.000     77.000    77.000    132.800    0.000      -5.611    6.638     -3.397    4.308     
13.730    885.000    135.127    9.457      80.000    128.375   155.144   10.000    1.000     77.000    77.000    132.800    0.000      -8.548    10.635    -5.185    6.648     
15.127    975.000    139.319    12.314     80.000    130.636   155.144   10.000    1.000     77.000    77.000    132.800    0.000      -15.598   17.772    -6.937    8.811     
16.988    1095.000   150.721    11.726     80.000    131.606   155.144   10.000    1.000     77.000    77.000    132.800    0.000      -15.349   17.654    -5.552    7.178     
