#RAD(Kpc) RAD(arcs)  VROT(km/s) DISP(km/s) INC(deg)  P.A.(deg) Z0(pc)    Z0(arcs)  SIG(E20)  XPOS(pix) YPOS(pix) VSYS(km/s) VRAD(km/s) E_VROT1   E_VROT2   E_DISP1   E_DISP2   
0.233     15.000     60.760     23.437     40.000    124.375   155.144   10.000    1.000     77.000    77.000    132.800    0.000      -5.634    4.760     -3.051    2.318     
0.698     45.000     82.750     22.459     40.000    124.375   155.144   10.000    1.000     77.000    77.000    132.800    0.000      -5.881    6.413     -2.504    2.813     
1.164     75.000     98.301     18.712     40.000    124.375   155.144   10.000    1.000     77.000    77.000    132.800    0.000      -5.223    5.611     -2.389    2.695     
1.629     105.000    106.954    17.361     40.000    124.375   155.144   10.000    1.000     77.000    77.000    132.800    0.000      -5.272    5.893     -2.212    2.429     
2.094     135.000    116.813    16.098     40.000    124.375   155.144   10.000    1.000     77.000    77.000    132.800    0.000      -3.821    4.088     -2.047    1.796     
2.560     165.000    122.486    15.675     40.000    124.375   155.144   10.000    1.000     77.000    77.000    132.800    0.000      -4.416    4.734     -1.766    1.776     
3.025     195.000    133.801    13.879     40.000    124.375   155.144   10.000    1.000     77.000    77.000    132.800    0.000      -4.123    3.877     -1.638    2.063     
3.491     225.000    141.018    13.856     40.000    124.375   155.144   10.000    1.000     77.000    77.000    132.800    0.000      -4.208    3.684     -2.083    2.193     
3.956     255.000    147.474    14.022     40.000    124.375   155.144   10.000    1.000     77.000    77.000    132.800    0.000      -4.604    4.610     -2.040    2.227     
4.422     285.000    151.242    14.695     40.000    124.375   155.144   10.000    1.000     77.000    77.000    132.800    0.000      -6.242    6.588     -2.393    2.530     
4.887     315.000    152.262    14.782     40.000    124.375   155.144   10.000    1.000     77.000    77.000    132.800    0.000      -7.265    5.975     -2.779    2.637     
5.352     345.000    156.625    13.559     40.000    124.375   155.144   10.000    1.000     77.000    77.000    132.800    0.000      -7.237    6.989     -2.926    2.798     
5.818     375.000    154.654    12.135     40.000    124.375   155.144   10.000    1.000     77.000    77.000    132.800    0.000      -6.324    7.204     -2.409    2.819     
6.283     405.000    156.123    11.591     40.000    124.375   155.144   10.000    1.000     77.000    77.000    132.800    0.000      -6.560    6.602     -2.469    2.858     
6.749     435.000    159.326    11.644     40.000    124.375   155.144   10.000    1.000     77.000    77.000    132.800    0.000      -6.853    5.910     -2.752    2.520     
7.214     465.000    159.895    11.186     40.000    124.375   155.144   10.000    1.000     77.000    77.000    132.800    0.000      -6.457    5.582     -2.543    2.461     
7.680     495.000    159.212    11.659     40.000    124.375   155.144   10.000    1.000     77.000    77.000    132.800    0.000      -6.933    6.290     -2.403    2.528     
8.145     525.000    159.033    11.369     40.000    124.375   155.144   10.000    1.000     77.000    77.000    132.800    0.000      -7.586    6.216     -2.509    2.703     
8.611     555.000    157.236    10.816     40.000    124.375   155.144   10.000    1.000     77.000    77.000    132.800    0.000      -6.872    7.487     -2.259    2.849     
9.076     585.000    162.314    10.596     40.000    124.375   155.144   10.000    1.000     77.000    77.000    132.800    0.000      -7.188    5.529     -2.449    2.674     
9.541     615.000    162.747    10.451     40.000    124.375   155.144   10.000    1.000     77.000    77.000    132.800    0.000      -7.442    6.923     -2.210    2.266     
10.007    645.000    163.749    10.171     40.000    124.375   155.144   10.000    1.000     77.000    77.000    132.800    0.000      -5.749    5.085     -2.225    2.279     
10.472    675.000    166.605    9.749      40.000    124.375   155.144   10.000    1.000     77.000    77.000    132.800    0.000      -5.079    4.142     -2.046    2.444     
10.938    705.000    169.631    9.932      40.000    124.375   155.144   10.000    1.000     77.000    77.000    132.800    0.000      -5.673    5.079     -2.290    2.350     
11.403    735.000    171.332    10.133     40.000    124.375   155.144   10.000    1.000     77.000    77.000    132.800    0.000      -5.409    4.616     -2.442    2.502     
11.869    765.000    174.898    9.709      40.000    124.375   155.144   10.000    1.000     77.000    77.000    132.800    0.000      -6.162    4.904     -2.475    2.670     
12.334    795.000    176.185    9.471      40.000    124.375   155.144   10.000    1.000     77.000    77.000    132.800    0.000      -5.754    4.726     -2.350    2.867     
12.799    825.000    176.114    10.162     40.000    124.375   155.144   10.000    1.000     77.000    77.000    132.800    0.000      -5.635    4.518     -2.717    3.097     
13.265    855.000    172.828    10.915     40.000    124.375   155.144   10.000    1.000     77.000    77.000    132.800    0.000      -7.438    7.102     -2.897    3.543     
13.730    885.000    171.516    11.281     40.000    124.375   155.144   10.000    1.000     77.000    77.000    132.800    0.000      -7.464    6.941     -3.226    3.550     
14.196    915.000    174.025    10.575     40.000    124.375   155.144   10.000    1.000     77.000    77.000    132.800    0.000      -7.033    6.456     -2.842    3.196     
14.661    945.000    174.857    10.597     40.000    124.375   155.144   10.000    1.000     77.000    77.000    132.800    0.000      -6.165    6.545     -2.751    3.055     
15.127    975.000    174.615    10.867     40.000    124.375   155.144   10.000    1.000     77.000    77.000    132.800    0.000      -7.848    7.214     -3.171    3.547     
15.592    1005.000   174.773    11.000     40.000    124.375   155.144   10.000    1.000     77.000    77.000    132.800    0.000      -7.627    8.067     -3.355    3.676     
16.057    1035.000   178.177    11.131     40.000    124.375   155.144   10.000    1.000     77.000    77.000    132.800    0.000      -8.815    8.020     -3.480    4.173     
16.523    1065.000   178.493    11.004     40.000    124.375   155.144   10.000    1.000     77.000    77.000    132.800    0.000      -8.269    7.577     -3.223    3.997     
16.988    1095.000   178.461    11.217     40.000    124.375   155.144   10.000    1.000     77.000    77.000    132.800    0.000      -7.722    6.867     -2.968    3.460     
17.454    1125.000   177.377    10.656     40.000    124.375   155.144   10.000    1.000     77.000    77.000    132.800    0.000      -7.198    5.963     -2.626    2.860     
17.919    1155.000   177.216    9.587      40.000    124.375   155.144   10.000    1.000     77.000    77.000    132.800    0.000      -4.711    4.459     -2.269    2.407     
18.385    1185.000   180.225    1.116      40.000    124.375   155.144   10.000    1.000     77.000    77.000    132.800    0.000      -8.268    6.049     -4.134    3.024     
18.850    1215.000   179.298    7.506      40.000    124.375   155.144   10.000    1.000     77.000    77.000    132.800    0.000      -5.572    4.965     -2.193    2.502     
