#RAD(Kpc) RAD(arcs)  VROT(km/s) DISP(km/s) INC(deg)  P.A.(deg) Z0(pc)    Z0(arcs)  SIG(E20)  XPOS(pix) YPOS(pix) VSYS(km/s) VRAD(km/s) E_VROT1   E_VROT2   E_DISP1   E_DISP2   
0.233     15.000     49.765     21.182     60.000    143.700   155.144   10.000    1.000     77.000    77.000    132.800    0.000      -5.073    3.802     -3.790    3.558     
0.698     45.000     61.458     22.390     60.000    143.700   155.144   10.000    1.000     77.000    77.000    132.800    0.000      -6.501    5.551     -3.999    3.514     
1.164     75.000     72.264     21.877     60.000    143.700   155.144   10.000    1.000     77.000    77.000    132.800    0.000      -7.064    6.691     -4.837    4.512     
1.629     105.000    76.601     19.657     60.000    143.700   155.144   10.000    1.000     77.000    77.000    132.800    0.000      -7.434    6.786     -4.302    4.791     
2.094     135.000    78.501     18.622     60.000    143.700   155.144   10.000    1.000     77.000    77.000    132.800    0.000      -7.058    6.277     -3.956    3.857     
2.560     165.000    80.649     17.311     60.000    143.700   155.144   10.000    1.000     77.000    77.000    132.800    0.000      -6.255    7.016     -3.429    3.922     
3.025     195.000    88.950     16.141     60.000    143.700   155.144   10.000    1.000     77.000    77.000    132.800    0.000      -7.058    6.285     -3.534    3.898     
3.491     225.000    93.105     14.925     60.000    143.700   155.144   10.000    1.000     77.000    77.000    132.800    0.000      -6.349    7.615     -3.241    4.149     
3.956     255.000    97.734     17.652     60.000    143.700   155.144   10.000    1.000     77.000    77.000    132.800    0.000      -8.308    8.427     -5.609    4.962     
4.422     285.000    103.076    18.717     60.000    143.700   155.144   10.000    1.000     77.000    77.000    132.800    0.000      -9.129    9.305     -6.240    5.010     
4.887     315.000    100.189    16.077     60.000    143.700   155.144   10.000    1.000     77.000    77.000    132.800    0.000      -9.265    8.972     -5.614    5.776     
5.352     345.000    101.470    15.266     60.000    143.700   155.144   10.000    1.000     77.000    77.000    132.800    0.000      -8.281    9.001     -5.268    5.352     
5.818     375.000    101.338    13.018     60.000    143.700   155.144   10.000    1.000     77.000    77.000    132.800    0.000      -8.511    8.191     -5.012    5.500     
6.283     405.000    96.562     11.141     60.000    143.700   155.144   10.000    1.000     77.000    77.000    132.800    0.000      -6.615    7.236     -4.385    5.038     
6.749     435.000    97.500     10.875     60.000    143.700   155.144   10.000    1.000     77.000    77.000    132.800    0.000      -8.984    10.856    -5.599    6.626     
7.214     465.000    107.187    12.768     60.000    143.700   155.144   10.000    1.000     77.000    77.000    132.800    0.000      -12.863   10.277    -5.925    7.195     
7.680     495.000    105.938    12.859     60.000    143.700   155.144   10.000    1.000     77.000    77.000    132.800    0.000      -12.964   10.224    -6.029    7.323     
8.145     525.000    110.215    13.890     60.000    143.700   155.144   10.000    1.000     77.000    77.000    132.800    0.000      -12.202   10.186    -6.622    7.808     
8.611     555.000    101.250    9.312      60.000    143.700   155.144   10.000    1.000     77.000    77.000    132.800    0.000      -11.831   11.095    -5.689    5.689     
9.076     585.000    98.438     12.234     60.000    143.700   155.144   10.000    1.000     77.000    77.000    132.800    0.000      -9.712    11.988    -7.600    8.214     
9.541     615.000    96.987     8.885      60.000    143.700   155.144   10.000    1.000     77.000    77.000    132.800    0.000      -10.548   13.791    -7.254    10.534    
10.007    645.000    100.525    9.567      60.000    143.700   155.144   10.000    1.000     77.000    77.000    132.800    0.000      -11.672   13.917    -7.616    10.846    
10.472    675.000    114.375    11.844     60.000    143.700   155.144   10.000    1.000     77.000    77.000    132.800    0.000      -14.297   10.883    -7.112    10.121    
10.938    705.000    111.958    9.958      60.000    143.700   155.144   10.000    1.000     77.000    77.000    132.800    0.000      -17.325   18.948    -7.677    7.677     
11.403    735.000    112.500    9.625      60.000    143.700   155.144   10.000    1.000     77.000    77.000    132.800    0.000      -19.955   22.373    -9.017    9.017     
11.869    765.000    124.292    17.453     60.000    143.700   155.144   10.000    1.000     77.000    77.000    132.800    0.000      -20.508   19.864    -13.021   12.474    
12.334    795.000    128.438    21.922     60.000    143.700   155.144   10.000    1.000     77.000    77.000    132.800    0.000      -21.929   25.365    -14.481   12.246    
12.799    825.000    118.125    8.406      60.000    143.700   155.144   10.000    1.000     77.000    77.000    132.800    0.000      -31.408   31.408    -8.010    8.010     
13.265    855.000    100.137    0.187      60.000    143.700   155.144   10.000    1.000     77.000    77.000    132.800    0.000      -20.801   32.637    -9.245    9.245     
13.730    885.000    155.303    8.106      60.000    143.700   155.144   10.000    1.000     77.000    77.000    132.800    0.000      -36.728   31.227    -18.364   15.614    
14.661    945.000    134.370    10.063     60.000    143.700   155.144   10.000    1.000     77.000    77.000    132.800    0.000      -35.648   35.648    -6.105    6.105     
